# P(k) [(Mpc/h)^3]  GADGET-4/IllustrisTNG-like reference  (synthetic, Planck 2018 BBKS+BAO)
1.962411e+03
1.482472e+04
1.233166e+04
9.478523e+03
7.069553e+03
5.125370e+03
4.423274e+03
3.502583e+03
2.808716e+03
2.332418e+03
1.943718e+03
1.683274e+03
1.459390e+03
1.232382e+03
1.074192e+03
9.413598e+02
8.534545e+02
7.350969e+02
6.722199e+02
5.804883e+02
5.061891e+02
4.885770e+02
4.465179e+02
3.977371e+02
3.891908e+02
3.269864e+02
3.115100e+02
2.851802e+02
2.730007e+02
2.555621e+02
2.326100e+02
2.150205e+02
1.962060e+02
1.786989e+02
1.730301e+02
1.656350e+02
1.595454e+02
1.487102e+02
1.359392e+02
1.280994e+02
1.192270e+02
1.128954e+02
1.066224e+02
1.080735e+02
9.768277e+01
9.273068e+01
8.678893e+01
8.666193e+01
7.890601e+01
7.711489e+01
7.250341e+01
7.094624e+01
6.667372e+01
6.327148e+01
6.216338e+01
5.995110e+01
5.697639e+01
5.485155e+01
5.173246e+01
5.018258e+01
4.803941e+01
4.642547e+01
4.419927e+01
4.172870e+01
4.183199e+01
3.998725e+01
3.767680e+01
3.789239e+01
3.553757e+01
3.496895e+01
3.428112e+01
3.282902e+01
3.243677e+01
2.991065e+01
2.989040e+01
2.830571e+01
2.734146e+01
2.670417e+01
2.605828e+01
2.545082e+01
2.406885e+01
2.433960e+01
2.344598e+01
2.189792e+01
2.262091e+01
2.215310e+01
2.122487e+01
2.008778e+01
1.920234e+01
1.951598e+01
1.846404e+01
1.856289e+01
1.771169e+01
1.751533e+01
1.686702e+01
1.656595e+01
1.593513e+01
1.608890e+01
1.518528e+01
1.489539e+01
1.496819e+01
1.370749e+01
1.340772e+01
1.369358e+01
1.280997e+01
1.331313e+01
1.242188e+01
1.206322e+01
1.243413e+01
1.205308e+01
1.187410e+01
1.139905e+01
1.076678e+01
1.113216e+01
1.043888e+01
1.043754e+01
1.024676e+01
9.816554e+00
9.763625e+00
9.623515e+00
9.327658e+00
8.871581e+00
8.942120e+00
8.943933e+00
8.423371e+00
8.350910e+00
8.142372e+00
8.353435e+00
8.007498e+00
7.814625e+00
7.488840e+00
7.544753e+00
7.227064e+00
7.195277e+00
6.969168e+00
7.024481e+00
6.884402e+00
6.656361e+00
6.617304e+00
6.308157e+00
6.146837e+00
6.280039e+00
6.138015e+00
6.088826e+00
6.191355e+00
5.918959e+00
5.606854e+00
5.740813e+00
5.376549e+00
5.380379e+00
5.333874e+00
5.433819e+00
5.091398e+00
5.000877e+00
4.993495e+00
4.858225e+00
4.954664e+00
4.666076e+00
4.586609e+00
4.580765e+00
4.504380e+00
4.652553e+00
4.494881e+00
4.351597e+00
4.173412e+00
4.285081e+00
4.067871e+00
3.962847e+00
4.124434e+00
3.994619e+00
3.983441e+00
3.879092e+00
3.863874e+00
3.695385e+00
3.614229e+00
3.687642e+00
3.528926e+00
3.487301e+00
3.454789e+00
3.439192e+00
3.366349e+00
3.251672e+00
3.255319e+00
3.108139e+00
3.248764e+00
3.063898e+00
3.053822e+00
3.084273e+00
2.995119e+00
3.092438e+00
2.883820e+00
2.937189e+00
2.881233e+00
2.779603e+00
2.838755e+00
2.763750e+00
2.780072e+00
2.747499e+00
2.784219e+00
2.705564e+00
2.582864e+00
2.557294e+00
2.593483e+00
2.539137e+00
2.507134e+00
2.366041e+00
2.414120e+00
2.350757e+00
2.370340e+00
2.324217e+00
2.342786e+00
2.287897e+00
2.281822e+00
2.199242e+00
2.152399e+00
2.150367e+00
2.142140e+00
2.134056e+00
2.188115e+00
2.067678e+00
2.006604e+00
2.008384e+00
1.980866e+00
1.995825e+00
1.894294e+00
1.935049e+00
1.917001e+00
1.898542e+00
1.846511e+00
1.839430e+00
1.775863e+00
1.790092e+00
1.768820e+00
1.783553e+00
1.709263e+00
1.757937e+00
1.763523e+00
1.623929e+00
1.690340e+00
1.680753e+00
1.619893e+00
1.610673e+00
1.602313e+00
1.580367e+00
1.563605e+00
1.504863e+00
1.576529e+00
1.558132e+00
1.485049e+00
1.450408e+00
1.494486e+00
1.447262e+00
1.453496e+00
1.425679e+00
1.440150e+00
1.425903e+00
1.372205e+00
1.340508e+00
1.321862e+00
1.368189e+00
1.306652e+00
1.312009e+00
1.296930e+00
1.298529e+00
1.237521e+00
1.279834e+00
1.276059e+00
1.253006e+00
1.231215e+00
1.229588e+00
1.225329e+00
1.137432e+00
1.239600e+00
1.191026e+00
1.155543e+00
1.150904e+00
1.160614e+00
1.136048e+00
1.082429e+00
1.164103e+00
1.105314e+00
1.120108e+00
1.072727e+00
1.111101e+00
1.074412e+00
1.071622e+00
1.027347e+00
1.065141e+00
1.044953e+00
1.048227e+00
9.999102e-01
9.940867e-01
1.040809e+00
9.653777e-01
9.750572e-01
9.912845e-01
9.627548e-01
9.637131e-01
9.368889e-01
9.432874e-01
9.041163e-01
9.510122e-01
9.105325e-01
8.926719e-01
9.093253e-01
8.816366e-01
8.588461e-01
8.514666e-01
8.798019e-01
8.578239e-01
8.511789e-01
8.646769e-01
8.205635e-01
8.204437e-01
8.194599e-01
8.206438e-01
8.117693e-01
8.012607e-01
7.984024e-01
7.912605e-01
7.752867e-01
7.676349e-01
7.783568e-01
7.542747e-01
7.442417e-01
7.511405e-01
7.475463e-01
7.776060e-01
7.277976e-01
7.462588e-01
7.376024e-01
7.039567e-01
7.265910e-01
6.931948e-01
6.670749e-01
7.076196e-01
6.694302e-01
6.947133e-01
6.739211e-01
7.005938e-01
6.873414e-01
6.618298e-01
6.537454e-01
6.419195e-01
6.472169e-01
6.444725e-01
6.385954e-01
6.405187e-01
6.411294e-01
6.335219e-01
6.149518e-01
6.020897e-01
6.321762e-01
6.024698e-01
5.985381e-01
5.957746e-01
5.756626e-01
5.877094e-01
5.834604e-01
5.921406e-01
5.888093e-01
5.765955e-01
5.831159e-01
5.722469e-01
5.641799e-01
5.621742e-01
5.543011e-01
5.481499e-01
5.457032e-01
5.325151e-01
5.440422e-01
5.265747e-01
5.425000e-01
5.271853e-01
5.266937e-01
5.277125e-01
5.256414e-01
4.992204e-01
5.097722e-01
5.173529e-01
4.877992e-01
5.054103e-01
4.756633e-01
4.846570e-01
4.918265e-01
4.719744e-01
4.753242e-01
4.674657e-01
4.942062e-01
4.768178e-01
4.774634e-01
4.668970e-01
4.625993e-01
4.478644e-01
4.571061e-01
4.498229e-01
4.615827e-01
4.611287e-01
4.610472e-01
4.525929e-01
4.368331e-01
4.294701e-01
4.431381e-01
4.367332e-01
4.156249e-01
4.311548e-01
4.323109e-01
4.231735e-01
4.184385e-01
4.105927e-01
4.027003e-01
4.186803e-01
4.069622e-01
4.050253e-01
4.183925e-01
4.073557e-01
4.023131e-01
3.979972e-01
4.063990e-01
4.054498e-01
3.967920e-01
3.916598e-01
3.686542e-01
3.833610e-01
3.790871e-01
3.784668e-01
3.825387e-01
3.527290e-01
3.666917e-01
3.706623e-01
3.630264e-01
3.539200e-01
3.683464e-01
3.618772e-01
3.507845e-01
3.578370e-01
3.592893e-01
3.514185e-01
3.548914e-01
3.477764e-01
3.424553e-01
3.351942e-01
3.405489e-01
3.404530e-01
3.430571e-01
3.344117e-01
3.362795e-01
3.249028e-01
3.242174e-01
3.267438e-01
3.187086e-01
3.290100e-01
3.248195e-01
3.217780e-01
3.203162e-01
3.291287e-01
3.115887e-01
2.989788e-01
3.122127e-01
3.088984e-01
3.042808e-01
2.997434e-01
3.013370e-01
3.033957e-01
2.975815e-01
3.133454e-01
2.915434e-01
2.909085e-01
2.804988e-01
2.937929e-01
2.789804e-01
2.859783e-01
2.859180e-01
2.818623e-01
2.942394e-01
2.884159e-01
2.886649e-01
2.747731e-01
2.844649e-01
2.794178e-01
2.794173e-01
2.793165e-01
2.672553e-01
2.684370e-01
2.739228e-01
2.536055e-01
2.744575e-01
2.679005e-01
2.633133e-01
2.633056e-01
2.553839e-01
2.575555e-01
2.636740e-01
2.632946e-01
2.690436e-01
2.535578e-01
2.492713e-01
2.486887e-01
2.448678e-01
2.482635e-01
2.492470e-01
2.458973e-01
2.501546e-01
2.423768e-01
2.405735e-01
2.382036e-01
2.319337e-01
2.310494e-01
2.317068e-01
2.422314e-01
2.390838e-01
2.401045e-01
2.262927e-01
2.221970e-01
2.270912e-01
2.297676e-01
2.300760e-01
2.314039e-01
2.267929e-01
2.321963e-01
2.222551e-01
2.180734e-01
2.135867e-01
2.160045e-01
2.198776e-01
2.138591e-01
2.207065e-01
2.216627e-01
2.043408e-01
2.171356e-01
2.028809e-01
2.130462e-01
2.154628e-01
2.095508e-01
2.029248e-01
2.048108e-01
2.051473e-01
2.044744e-01
2.033962e-01
2.027876e-01
2.031136e-01
1.964073e-01
1.993316e-01
2.053892e-01
1.968518e-01
1.956732e-01
2.007167e-01
1.855317e-01
1.992047e-01
1.912314e-01
1.933897e-01
1.922118e-01
1.945317e-01
1.890122e-01
1.865667e-01
1.931256e-01
1.784946e-01
1.865486e-01
1.805945e-01
1.819150e-01
1.912611e-01
1.828437e-01
1.828649e-01
1.748468e-01
1.778339e-01
1.803348e-01
1.800661e-01
1.801673e-01
1.771814e-01
1.781939e-01
1.771178e-01
1.683257e-01
1.740480e-01
1.757828e-01
1.743668e-01
1.702999e-01
1.680163e-01
1.661901e-01
1.687779e-01
1.722729e-01
1.611480e-01
1.647343e-01
1.623972e-01
1.680356e-01
1.628698e-01
1.624142e-01
1.625156e-01
1.639422e-01
1.605005e-01
1.512382e-01
1.620762e-01
1.610240e-01
1.582174e-01
1.547821e-01
1.586218e-01
1.580086e-01
1.546612e-01
1.547690e-01
1.518817e-01
1.535325e-01
